[[0, 0, 0, 1, 0, 1, 0, 0, 0, 1, 0, 0, 1], [0, 0, 1, 0, 0, 0, 0, 1, 1, 1, 1, 0, 0], [0, 1, 0, 1, 0, 0, 0, 1, 1, 0, 1, 0, 0], [1, 0, 1, 0, 0, 0, 1, 0, 0, 0, 0, 0, 1], [0, 0, 0, 0, 0, 1, 1, 0, 1, 0, 0, 1, 0], [1, 0, 0, 0, 1, 0, 0, 0, 0, 0, 1, 1, 0], [0, 0, 0, 1, 1, 0, 0, 0, 0, 1, 1, 1, 1], [0, 1, 1, 0, 0, 0, 0, 0, 1, 1, 1, 0, 0], [0, 1, 1, 0, 1, 0, 0, 1, 0, 1, 0, 0, 0], [1, 1, 0, 0, 0, 0, 1, 1, 1, 0, 1, 0, 1], [0, 1, 1, 0, 0, 1, 1, 1, 0, 1, 0, 1, 0], [0, 0, 0, 0, 1, 1, 1, 0, 0, 0, 1, 0, 0], [1, 0, 0, 1, 0, 0, 1, 0, 0, 1, 0, 0, 0]]
Theta: 3.675338886486148
Alpha: 3
Theta/Alpha: 1.2251129621620493
Fitness: 1.2251129621620493
---------------------------------------
[[0, 0, 0, 1, 0, 1, 0, 0, 0, 1, 0, 0, 1], [0, 0, 1, 0, 0, 0, 0, 1, 1, 1, 1, 0, 0], [0, 1, 0, 1, 0, 0, 0, 1, 1, 0, 1, 0, 0], [1, 0, 1, 0, 0, 0, 1, 0, 0, 0, 0, 0, 1], [0, 0, 0, 0, 0, 1, 1, 0, 1, 0, 0, 1, 0], [1, 0, 0, 0, 1, 0, 0, 0, 0, 0, 1, 1, 0], [0, 0, 0, 1, 1, 0, 0, 0, 0, 1, 1, 1, 1], [0, 1, 1, 0, 0, 0, 0, 0, 1, 1, 1, 0, 0], [0, 1, 1, 0, 1, 0, 0, 1, 0, 1, 0, 0, 0], [1, 1, 0, 0, 0, 0, 1, 1, 1, 0, 1, 0, 1], [0, 1, 1, 0, 0, 1, 1, 1, 0, 1, 0, 1, 0], [0, 0, 0, 0, 1, 1, 1, 0, 0, 0, 1, 0, 0], [1, 0, 0, 1, 0, 0, 1, 0, 0, 1, 0, 0, 0]]
Theta: 3.675338886486148
Alpha: 3
Theta/Alpha: 1.2251129621620493
Fitness: 1.2251129621620493
---------------------------------------
[[0, 0, 0, 1, 0, 1, 0, 0, 0, 1, 0, 0, 1], [0, 0, 1, 0, 0, 0, 0, 1, 1, 1, 1, 0, 0], [0, 1, 0, 1, 0, 0, 0, 1, 1, 0, 1, 0, 0], [1, 0, 1, 0, 0, 0, 1, 0, 0, 0, 0, 0, 1], [0, 0, 0, 0, 0, 1, 1, 0, 1, 0, 0, 1, 0], [1, 0, 0, 0, 1, 0, 0, 0, 0, 0, 1, 1, 0], [0, 0, 0, 1, 1, 0, 0, 0, 0, 1, 1, 1, 1], [0, 1, 1, 0, 0, 0, 0, 0, 1, 1, 1, 0, 0], [0, 1, 1, 0, 1, 0, 0, 1, 0, 1, 0, 0, 0], [1, 1, 0, 0, 0, 0, 1, 1, 1, 0, 1, 0, 1], [0, 1, 1, 0, 0, 1, 1, 1, 0, 1, 0, 1, 0], [0, 0, 0, 0, 1, 1, 1, 0, 0, 0, 1, 0, 0], [1, 0, 0, 1, 0, 0, 1, 0, 0, 1, 0, 0, 0]]
Theta: 3.675338886486148
Alpha: 3
Theta/Alpha: 1.2251129621620493
Fitness: 1.2251129621620493
---------------------------------------
[[0, 0, 0, 1, 0, 1, 0, 0, 0, 1, 0, 0, 1], [0, 0, 1, 0, 0, 0, 0, 1, 1, 1, 1, 0, 0], [0, 1, 0, 1, 0, 0, 0, 1, 1, 0, 1, 0, 0], [1, 0, 1, 0, 0, 0, 1, 0, 0, 0, 0, 0, 1], [0, 0, 0, 0, 0, 1, 1, 0, 1, 0, 0, 1, 0], [1, 0, 0, 0, 1, 0, 0, 0, 0, 0, 1, 1, 0], [0, 0, 0, 1, 1, 0, 0, 0, 0, 1, 1, 1, 1], [0, 1, 1, 0, 0, 0, 0, 0, 1, 1, 1, 0, 0], [0, 1, 1, 0, 1, 0, 0, 1, 0, 1, 0, 0, 0], [1, 1, 0, 0, 0, 0, 1, 1, 1, 0, 1, 0, 1], [0, 1, 1, 0, 0, 1, 1, 1, 0, 1, 0, 1, 0], [0, 0, 0, 0, 1, 1, 1, 0, 0, 0, 1, 0, 0], [1, 0, 0, 1, 0, 0, 1, 0, 0, 1, 0, 0, 0]]
Theta: 3.675338886486148
Alpha: 3
Theta/Alpha: 1.2251129621620493
Fitness: 1.2251129621620493
---------------------------------------
[[0, 0, 0, 1, 0, 1, 0, 0, 0, 1, 0, 0, 1], [0, 0, 1, 0, 0, 0, 0, 1, 1, 1, 1, 0, 0], [0, 1, 0, 1, 0, 0, 0, 1, 1, 0, 1, 0, 0], [1, 0, 1, 0, 0, 0, 1, 0, 0, 0, 0, 0, 1], [0, 0, 0, 0, 0, 1, 1, 0, 1, 0, 0, 1, 0], [1, 0, 0, 0, 1, 0, 0, 0, 0, 0, 1, 1, 0], [0, 0, 0, 1, 1, 0, 0, 0, 0, 1, 1, 1, 1], [0, 1, 1, 0, 0, 0, 0, 0, 1, 1, 1, 0, 0], [0, 1, 1, 0, 1, 0, 0, 1, 0, 1, 0, 0, 0], [1, 1, 0, 0, 0, 0, 1, 1, 1, 0, 1, 0, 1], [0, 1, 1, 0, 0, 1, 1, 1, 0, 1, 0, 1, 0], [0, 0, 0, 0, 1, 1, 1, 0, 0, 0, 1, 0, 0], [1, 0, 0, 1, 0, 0, 1, 0, 0, 1, 0, 0, 0]]
Theta: 3.675338886486148
Alpha: 3
Theta/Alpha: 1.2251129621620493
Fitness: 1.2251129621620493
---------------------------------------
